0.00000 0.30909 0.64727 0.62788 0.31636 0.59515 0.62545 0.46424 0.30061 0.54909 
0.30909 0.00000 0.65939 0.63394 0.47515 0.63152 0.63030 0.55758 0.48848 0.59879 
0.64727 0.65939 0.00000 0.45333 0.68485 0.28121 0.60970 0.47636 0.56121 0.54667 
0.62788 0.63394 0.45333 0.00000 0.68727 0.30909 0.61939 0.51758 0.59152 0.57818 
0.31636 0.47515 0.68485 0.68727 0.00000 0.65939 0.64242 0.57818 0.47636 0.60242 
0.59515 0.63152 0.28121 0.30909 0.65939 0.00000 0.56364 0.34788 0.49697 0.48242 
0.62545 0.63030 0.60970 0.61939 0.64242 0.56364 0.00000 0.47515 0.58182 0.31636 
0.46424 0.55758 0.47636 0.51758 0.57818 0.34788 0.47515 0.00000 0.29697 0.30061 
0.30061 0.48848 0.56121 0.59152 0.47636 0.49697 0.58182 0.29697 0.00000 0.47394 
0.54909 0.59879 0.54667 0.57818 0.60242 0.48242 0.31636 0.30061 0.47394 0.00000 
